Диапазон веса	50-55	55-60	60-65	65-70	70-75	75-80	80-85	85-90
Середина U	52.5	57.5	62.5	67.5	72.5	77.5	82.5	87.5
Эксперт 1 (низкий)	1	1	1	0	0	0	0	0
Эксперт 1 (средний)	0	0	1	1	1	0	0	0
Эксперт 1 (высокий)	0	0	0	0	0	1	1	1
Эксперт 2 (низкий)	1	1	1	0	0	0	0	0
Эксперт 2 (средний)	0	0	1	1	1	0	0	0
Эксперт 2 (высокий)	0	0	0	0	0	1	1	1
Эксперт 3 (низкий)	1	1	1	0	0	0	0	0
Эксперт 3 (средний)	0	0	1	1	1	1	0	0
Эксперт 3 (высокий)	0	0	0	0	0	0	1	1
Эксперт 4 (низкий)	1	1	1	0	0	0	0	0
Эксперт 4 (средний)	0	0	1	1	1	0	0	0
Эксперт 4 (высокий)	0	0	0	0	1	1	1	1
Эксперт 5 (низкий)	1	1	1	0	0	0	0	0
Эксперт 5 (средний)	0	0	1	1	1	1	0	0
Эксперт 5 (высокий)	0	0	0	0	0	1	1	1
